17829,18806,19507,16397,16767,18540,17405,18764
19227,17579,18552,18856,18092,17413,18624,19326,16634,17762,18908,18882,17640,17794,19720,19726,16866,19412
17673,18047,16556,19615,17041,15647,18153,18901,16432,18233,17969,19797,19341
19439,17703,16352,18294,16084,16539,17784,19161
16563,18319,19007,16140,16164,16189,17682,18402,19122,15673,17789,16083,19103,19996,16941,17482,15770
16573,17548,19247,18832,16138,16590,17699,19473,16594,18040,18463,18577,17656,18541
15937,19714,15650,19938,17746,16006,19526,15682,15927
19122,18048,16489,18860,19961,17493
17228,19211,18533,17594,18976,18118,16459,16193,19678,18244,18740,16442,19226,18873,16920,19222,19769
19336,19293,17351,16601,17044,19733,16641,16439,16401
17106,18371
16536,16881,16095,17872,16310,19920,18037,19556,15690
17280,17213,17978,17890,18286,18914,17503,16937,15829,19751,17560,15822,18357,16061,19287,18929
16674,19449,15805,19228,18102,15682
17920,17049,16062,15967,17710,16149,18552,18669,16409,19765,18002,16587,17884,16861
18271,17329,17467,15886,19150,19326,16766,19914,17509,19661,17161
16012,18319,17928,18293,19106,18750,18761,19457
19119,17635,17400,16483,19072,15696,16325,16955,18009,19948,19521,16013,19654
19529,18867,19110,15963,17452,18191
15924,18078,18155,18289
17359,19972,18316,19754,16876,17854,16915
16705,16352,15783,17380,17614,16305,16988,19995,18383,19616,16167
16566,16474,18561,17314,17261,16306,19804,16748,19744,16489,16910,19192,15788,19564,16260,16031
17841,17114,19493,17518,16183,16083,19575,18315,17055,19525,16552,19299,16075,16545,15676,17013
19796,16849,17375,15886,15925,19325,17956,19979,18987,15912,18074
18372,17699,19964,18893,17984,18967
16787,18490,17227,16916,15670,17608,18597,16242,17480
17343,17276,18941,18720,18638,17659,19561
17689,18253,19796,17817,17653,19054,19960,19840,19720,19865,19770,16978,17050,17122,17432,18405,16610,18919
19387,15811,19622,15866,19708
18509,17276,17436,19950,16862,19060,16555,18791,17008,16489,17898
16036,16839,19598,17133,16132,17742,15671,17757,19925,19848
15985,18130,19757,19115,17432,16123,19229,19292,19603,15699
17991,16601,17741,15683,16667,19375,17887,17522,17579,15661,18190,16035,16567,18681,18093,16677
17990,18734,17442,18255,19069,19870,17533,16519,16601,16684,18151,18742,19935,16809,18043,17344,19053,18729,15738,16649,17113
15770,19357,17294,15734,18702,18313,15698,19386,16563,18105,16953,16089,19132
15836,18585,17571,16346,16206
19195,15714,18987,19626,17776,17169,17795
16539,15690,16517,17356,18180,17820,16306
17725,18677,19126,18310,19866,16679,19918
19382,17878,17522,18652,19180,17158,16270
18440,17501,16236,19595,16036,16562,18904,16966,18943,18143,16246,18162,16151,17172,19266,15711,16518,17156,16698,18011,17863,16898
17328,19386,17064,15966,19271,17803,17714
15717,19002,17050,18920,17519,18750,15849,15655,15947,16240,15794,19691,18996,16317,17620,16164,17019,18297,16563,15839,17201,15750
17291,16740,15838,18869,16671,19729,15739,18056,17400,18428,19456,16332,15928,16787,16582
19890,16149,16087,18395,19841,19629,17394,16898,19940,17983,17136
16437,18298
18170,18169,16410,15919,17694
19874,16765,17152,18044,17913,15815,17229,17375,19617,19728,18047,19345,17010
15720,18714,16898,17017,17865,15931,16004,19113,16082,18692,19540,15776
18306,16507,17932,19970,16402,16019,18510,19759,18115,16566,16275,15910,19900,16055,18431
18148,16991,19587,17602,17760,15726,15695
16688,17470,17685,15802,17199,19993
16383,16567,19594,18621,17648,18476,16625,17644,17103,17464
18292,19393,16882,17896,15653,16635,17437,18240,17067,15895,17311,16377,18593
15645,17969,18763,18340,15641,17673,17325,19340,18588,17385,19553,19359,16404
