1008513105.4
1601961842.2391305
4522409612.285714
4658940185.68
3016750554.129032
4639024926.418181
9191469356.290323
8223073833.925
7985562720.787234
7052141676.793651
12485206259.512821
8071680906.728572
16671900439.444445
8929581113.584415
20226518621.5
26132562329.24138
12682999124.76923
16225828040.24074
30282082418.266666
42464937117.77273
22757949821.09302
16441514143.375
15238537430.932432
17407204230.507248
24570615891.098038
18601590080.450703
56319959510.708336
27671606839.17647
34044764908.511627
26686773771.157894
20410176544.620255
27024637790.80645
29002934329.716667
29621824282.47541
39465397703.40426
85377693734.63637
36000080666.87037
81987699529.08333
52901214711.76316
34522408703.0
32919590286.723076
70154456410.90323
42848055146.19231
30781355956.8
70946660646.24243
36624405654.72727
70154914811.94286
35626260031.35211
57235490245.066666
37945805081.42857
51156500367.86793
62699607095.318184
89932296682.03226
46867703189.83607
54097816902.92593
38149418861.72152
112655965110.62962
56244567066.545456
52879342033.083336
50468273974.75
42438263595.73077
47173092835.25
107288818028.625
138388030809.84
62860367812.30357
98883542384.0
57427193136.57143
145666360659.24
48999729349.85526
56645129793.17911
98574872748.51282
86526776459.26666
178101334714.31818
109895080221.41667
62840960390.640625
88676229718.36957
64783601692.34375
66876732749.031746
89017825322.4375
59627177609.712326
72520246960.08197
66087962443.19118
63503718235.638885
191625647857.0
136258126488.64706
126379925645.37837
107453590256.43182
78505756147.96721
61645651242.139244
244354045752.7
126248090755.64102
90528992762.6909
102735988774.61224
120882703133.16667
182293235805.7857
83255662176.40323
246867384563.9524
76150472203.62318
100120080564.05661
